181
iD_ESTADO|ID_DISTRITO_FEDERAL|SECCION|TIPO_CASILLA|ID_CASILLA|EXT_CONTIGUA|TIPO_SECCION|LISTA_NOMINAL|ID_MUNICIPIO|ID_DIST_LOC|ID_ESTRATO_F|ESTRATO_F|ID_ESTRATO_L|ESTRATO_L|ID_AREA_RESPONSABILIDAD|PAN|PRI|PRD|PVEM|PT|MC|PANAL|MORENA|PES|PAN_PRD_MC|PAN_PRD|PAN_MC|PRD_MC|PRI_PVEM_PANAL|PRI_PVEM|PRI_PANAL|PVEM_PANAL|PT_MORENA_PES|PT_MORENA|PT_PES|MORENA_PES|CNR|NULOS|TOTAL|RAC|JAMK|AMLO|JHRC|ANIO|MES|DIA|HORA|MINUTOS|SEGUNDOS|ORIGEN_CAPTURA|MODIFICADO
1|1|370|C|1|0|2|681|3|8|1|Estrato 1|0||23|139|56|2|8|16|1|4|100|3|0|1|0|0|0|0|1|0|2|0|1|1|0|8|360|143|69|123|17|2018|7|1|19|3|32|1|N
1|1|399|C|1|0|3|501|5|7|1|Estrato 1|0||104|73|84|3|4|10|4|2|51|5|0|1|0|0|1|1|0|0|1|0|0|0|0|7|264|81|92|67|17|2018|7|1|19|10|12|1|N
1|1|450|C|1|0|2|600|7|1|1|Estrato 1|0||60|74|62|3|3|33|8|2|90|11|1|0|1|1|0|0|0|0|3|1|0|0|0|13|326|88|67|138|20|2018|7|1|19|8|58|1|N
1|1|484|C|1|0|3|431|11|2|1|Estrato 1|0||86|68|52|3|0|12|3|5|86|3|1|1|0|0|2|0|0|0|4|0|1|0|0|6|260|76|59|106|13|2018|7|1|19|12|58|1|N
5|1|3|C|3|0|1|619|2|1|16|Estrato 16|0||1|47|92|4|3|20|15|4|133|9|0|0|0|0|2|0|2|0|3|1|0|1|2|3|365|66|103|167|24|2018|7|1|19|20|47|1|N
5|1|1683|B|1|0|2|453|2|1|16|Estrato 16|0||6|33|44|7|6|14|13|0|116|6|0|0|2|0|0|1|0|0|1|0|0|0|2|9|260|55|51|137|6|2018|7|1|19|13|40|1|N
5|2|475|B|1|0|1|729|20|3|17|Estrato 17|0||48|57|113|5|2|39|14|2|202|13|0|0|0|0|1|2|0|0|1|5|1|2|1|12|478|76|120|263|6|2018|7|1|19|2|7|1|N
5|2|502|C|1|0|1|414|21|4|17|Estrato 17|0||60|30|72|1|0|13|3|0|153|2|0|0|0|0|4|1|0|0|0|0|0|0|0|4|299|34|77|168|16|2018|7|1|19|23|2|1|N
5|3|50|B|1|0|1|592|3|5|18|Estrato 18|0||9|75|70|0|1|29|12|3|122|4|0|0|0|0|2|2|0|0|3|3|1|0|1|12|358|87|78|162|18|2018|7|1|19|7|40|1|N
5|3|128|B|1|0|2|189|8|5|18|Estrato 18|0||40|18|55|23|0|4|1|1|49|1|1|0|0|0|0|0|0|0|1|0|0|0|0|1|158|43|56|55|3|2018|7|1|18|49|19|1|N
5|3|427|B|1|0|1|512|18|6|18|Estrato 18|0||96|53|57|5|3|18|2|0|140|3|0|1|0|0|3|0|0|0|6|0|0|0|0|3|313|61|63|167|19|2018|7|1|19|22|53|1|N
5|3|432|C|1|0|1|595|18|6|18|Estrato 18|0||100|46|59|2|3|30|0|0|160|6|2|0|1|0|0|1|0|0|0|0|0|0|1|8|332|51|63|196|13|2018|7|1|18|53|54|1|N
5|3|436|C|3|0|1|685|18|6|18|Estrato 18|0||102|78|69|2|2|32|0|1|224|2|0|0|0|0|0|0|0|0|7|1|0|1|0|7|450|80|72|267|24|2018|7|1|18|39|35|1|N
5|3|440|B|1|0|1|402|18|5|18|Estrato 18|0||106|34|78|3|1|9|1|0|106|2|0|0|1|0|1|1|0|0|1|1|0|0|0|8|265|39|81|119|18|2018|7|1|19|17|22|1|N
5|4|871|B|1|0|1|520|30|15|19|Estrato 19|0||62|120|62|1|2|8|1|1|127|5|2|1|1|0|1|4|0|0|5|0|0|2|0|4|380|126|70|147|33|2018|7|1|19|10|38|1|N
5|5|1447|B|1|0|1|572|35|10|20|Estrato 20|0||103|46|80|3|1|16|1|2|132|4|1|0|0|0|1|2|0|0|3|0|0|2|0|10|327|51|86|157|23|2018|7|1|18|56|17|1|N
5|6|272|B|1|0|1|595|17|7|21|Estrato 21|0||100|21|93|1|6|8|3|0|234|6|0|0|0|0|4|1|0|0|0|0|0|2|0|6|390|25|104|250|5|2018|7|1|19|3|52|1|N
5|7|553|B|1|0|1|490|24|12|22|Estrato 22|0||120|46|39|2|26|15|5|2|97|4|4|1|0|0|2|2|1|0|8|2|1|2|0|2|276|58|72|129|15|2018|7|1|19|7|49|1|N
5|7|859|B|1|0|1|690|30|13|22|Estrato 22|0||62|153|98|0|4|9|4|3|135|5|8|0|2|0|3|1|0|0|7|0|0|2|1|11|479|167|109|158|33|2018|7|1|19|16|33|1|N
5|7|969|C|3|0|1|610|30|16|22|Estrato 22|0||16|43|106|2|4|14|2|1|105|4|0|0|0|0|2|3|0|0|0|2|0|1|0|6|308|47|116|126|13|2018|7|1|19|18|42|1|N
5|7|972|B|1|0|1|654|30|16|22|Estrato 22|0||79|84|103|3|2|18|3|2|165|5|1|1|0|0|2|0|1|0|5|1|0|1|1|12|443|92|110|195|33|2018|7|1|19|23|9|1|N
6|1|7|C|1|0|1|393|1|2|23|Estrato 23|0||31|35|53|2|2|7|6|0|134|4|1|0|0|0|4|1|0|0|4|2|1|0|0|8|279|44|60|152|15|2018|7|1|19|23|12|1|N
6|1|20|S|1|0|1|0|1|1|23|Estrato 23|0||23|199|82|4|2|29|15|2|312|6|6|0|2|0|0|0|1|0|11|9|1|2|0|8|754|226|87|370|63|2018|7|1|19|11|38|1|N
6|1|77|C|1|0|2|746|1|6|23|Estrato 23|0||3|120|83|5|1|17|8|4|219|10|1|2|2|0|0|0|0|0|4|1|1|0|0|8|509|138|88|252|23|2018|7|1|19|13|3|1|N
6|1|146|B|1|0|2|677|5|5|23|Estrato 23|0||85|50|39|2|1|28|10|4|240|3|3|1|1|0|1|0|0|0|8|0|0|2|1|6|421|67|45|281|21|2018|7|1|19|3|0|1|N
6|2|201|B|1|0|1|123|8|13|24|Estrato 24|0||65|11|7|0|2|5|0|0|39|3|1|0|0|0|0|1|0|0|2|0|0|1|0|2|75|12|10|50|1|2018|7|1|19|16|11|1|N
7|5|353|E|1|0|3|405|23|22|29|Estrato 29|5|Estrato 5|23|12|63|2|43|18|5|3|196|6|0|0|0|0|0|2|0|0|3|0|0|0|1|12|368|19|111|223|2|2018|7|1|19|19|3|1|N
9|5|4014|C|2|0|1|575|12|16|64|Estrato 64|16|Estrato 16|104|161|69|5|1|12|2|1|158|2|5|2|1|0|4|1|0|0|4|0|0|0|3|3|457|176|76|176|23|2018|7|1|19|21|57|1|N
10|1|1280|B|1|0|3|351|35|7|82|Estrato 82|0||144|20|26|3|3|7|2|2|115|7|0|1|0|0|0|0|1|0|1|0|0|1|2|5|197|26|32|131|1|2018|7|1|18|57|31|1|N
10|2|540|C|1|0|1|403|7|12|83|Estrato 83|0||16|37|32|4|3|9|4|2|125|6|2|0|0|0|0|0|0|0|0|2|0|1|0|8|244|47|37|143|9|2018|7|1|19|10|14|1|N
10|2|559|B|1|0|3|682|7|10|83|Estrato 83|0||87|43|56|2|0|16|6|6|190|11|3|0|1|0|0|0|0|0|7|4|1|3|0|7|360|55|62|232|4|2018|7|1|19|18|29|1|N
10|2|915|C|1|0|1|402|19|8|83|Estrato 83|0||136|34|19|1|2|14|0|2|105|4|1|1|0|1|0|0|0|0|5|0|0|1|0|4|212|38|23|129|18|2018|7|1|19|19|46|1|N
10|3|1159|B|1|0|3|188|29|8|84|Estrato 84|0||139|59|42|0|1|0|0|0|8|0|0|0|0|0|0|1|0|0|0|0|0|0|0|0|111|59|44|8|0|2018|7|1|19|3|57|1|N
10|4|118|C|8|0|1|737|5|1|85|Estrato 85|0||122|85|51|3|3|3|6|0|115|0|0|0|0|0|0|0|0|0|0|0|0|0|1|9|334|94|54|118|58|2018|7|1|19|7|35|1|N
10|4|162|C|2|0|1|595|5|1|85|Estrato 85|0||100|96|42|2|3|35|7|2|81|6|3|0|1|0|2|1|0|0|7|6|0|1|0|7|334|109|50|136|32|2018|7|1|19|6|37|1|N
10|4|177|B|1|0|1|588|5|2|85|Estrato 85|0||32|55|30|6|1|56|9|1|62|6|7|4|1|0|1|1|0|0|8|6|1|2|0|5|283|82|34|141|21|2018|7|1|19|19|0|1|N
10|4|215|B|1|0|1|625|5|5|85|Estrato 85|0||65|214|54|1|0|16|5|1|97|5|1|0|0|0|1|0|0|0|6|1|0|1|0|4|441|221|56|126|34|2018|7|1|19|7|44|1|N
10|4|219|C|2|0|1|564|5|3|85|Estrato 85|0||39|60|30|1|1|36|4|0|104|7|3|2|2|0|0|0|0|0|4|2|0|1|0|5|299|72|31|154|37|2018|7|1|18|55|19|1|N
10|4|252|C|1|0|1|592|5|3|85|Estrato 85|0||51|53|39|2|4|24|15|1|83|4|3|0|0|0|0|0|0|0|9|4|1|0|0|6|287|73|44|125|39|2018|7|1|19|1|7|1|N
10|4|385|C|3|0|2|657|5|3|85|Estrato 85|0||135|45|57|0|2|37|8|1|75|4|1|2|0|0|0|0|0|0|7|7|0|1|2|6|267|56|60|131|12|2018|7|1|18|54|15|1|N
10|4|1399|C|1|0|1|434|5|2|85|Estrato 85|0||6|54|33|1|3|22|2|0|79|3|1|0|1|0|1|0|0|0|2|0|0|0|0|4|238|59|37|106|32|2018|7|1|19|1|37|1|N
11|1|2546|B|1|0|1|560|33|2|87|Estrato 87|2|Estrato 2|85|90|50|2|9|11|2|2|100|7|2|0|1|0|1|0|0|0|7|3|0|0|0|9|337|97|62|128|41|2018|7|1|19|17|13|1|N
11|2|153|B|1|0|1|521|3|9|94|Estrato 94|9|Estrato 9|9|97|23|2|3|13|3|0|114|3|3|1|0|0|5|1|0|0|3|0|0|0|2|3|319|106|32|133|43|2018|7|1|19|7|42|1|N
11|2|175|S|1|0|2|0|3|9|94|Estrato 94|9|Estrato 9|18|334|71|4|5|25|4|0|236|3|8|0|0|0|5|0|0|0|10|0|0|0|0|10|755|350|81|274|40|2018|7|1|19|13|54|1|N
11|5|3023|C|1|0|1|508|20|5|90|Estrato 90|5|Estrato 5|119|88|35|4|7|10|3|2|43|2|1|1|1|0|0|2|0|0|4|0|0|0|0|9|231|98|46|59|19|2018|7|1|19|20|58|1|N
11|8|2227|C|1|0|3|532|27|14|99|Estrato 99|14|Estrato 14|61|80|18|12|4|17|3|0|99|0|1|0|0|0|0|0|0|0|5|0|0|0|0|12|279|96|22|121|28|2018|7|1|19|12|54|1|N
11|8|2927|C|1|0|2|671|44|17|102|Estrato 102|17|Estrato 17|7|119|18|5|5|18|2|67|99|15|3|0|1|0|0|0|3|1|6|2|0|3|0|17|410|130|94|143|26|2018|7|1|19|18|28|1|N
11|11|1625|B|1|0|1|524|20|6|91|Estrato 91|6|Estrato 6|97|79|42|2|5|7|3|0|49|1|0|0|0|0|0|2|0|0|0|0|0|0|0|10|215|84|49|57|15|2018|7|1|19|17|1|1|N
11|12|354|B|1|0|1|392|7|16|101|Estrato 101|16|Estrato 16|25|37|21|4|3|8|1|1|83|5|0|0|0|0|1|0|0|0|5|1|0|1|0|5|195|42|26|103|19|2018|7|1|19|12|24|1|N
11|13|49|B|1|0|3|602|1|18|103|Estrato 103|18|Estrato 18|29|54|30|3|5|29|2|3|158|4|0|1|0|0|0|1|0|0|4|4|0|1|0|8|327|60|39|200|20|2018|7|1|19|20|33|1|N
11|15|1174|C|2|0|3|647|17|11|96|Estrato 96|11|Estrato 11|104|92|49|5|4|18|2|2|75|1|9|1|0|0|1|1|0|0|10|2|1|4|0|9|307|109|57|111|21|2018|7|1|19|18|46|1|N
12|1|1061|B|1|0|3|212|26|20|108|Estrato 108|0||75|9|46|1|0|1|13|2|103|1|1|0|0|0|0|0|0|0|2|0|0|0|1|2|184|24|48|107|2|2018|7|1|19|16|55|1|N
12|1|2130|E|1|0|3|131|55|17|108|Estrato 108|0||140|2|2|1|0|0|0|0|83|6|0|0|0|0|0|0|0|0|1|1|0|2|0|3|101|3|2|93|0|2018|7|1|18|48|50|1|N
12|2|1541|C|1|0|1|498|36|22|109|Estrato 109|0||84|30|25|4|0|19|2|1|185|8|0|0|0|0|1|0|0|0|8|4|0|1|1|3|302|36|27|225|10|2018|7|1|19|23|43|1|N
12|2|2166|C|1|0|3|467|56|21|109|Estrato 109|0||94|8|35|7|3|24|4|2|127|3|0|0|0|0|0|1|0|0|5|2|0|0|0|12|240|19|41|161|7|2018|7|1|19|19|37|1|N
12|2|2214|B|1|0|3|119|56|21|109|Estrato 109|0||118|4|30|2|3|3|2|1|18|0|0|1|1|0|0|3|0|0|0|1|0|0|0|4|74|10|37|22|1|2018|7|1|19|17|38|1|N
12|4|345|E|1|0|3|235|1|5|111|Estrato 111|0||129|3|10|34|0|14|1|4|57|6|0|1|0|0|0|1|0|0|4|3|1|4|0|3|146|39|15|89|0|2018|7|1|19|21|47|1|N
12|7|1382|B|1|0|2|533|33|19|114|Estrato 114|0||100|17|68|4|2|10|3|1|101|3|2|1|1|0|3|6|0|0|7|2|0|1|0|10|247|28|80|124|5|2018|7|1|19|8|35|1|N
13|2|1684|C|1|0|3|427|84|1|118|Estrato 118|0||148|41|23|4|1|25|1|1|140|4|1|0|0|0|0|0|0|0|2|1|0|1|0|7|257|47|25|173|5|2018|7|1|19|13|9|1|N
13|3|347|B|1|0|3|108|20|2|119|Estrato 119|0||46|0|24|1|15|3|2|1|24|2|0|0|0|0|0|0|1|0|0|1|0|1|0|1|78|3|41|31|2|2018|7|1|19|12|7|1|N
13|6|908|C|1|0|1|381|47|12|122|Estrato 122|0||44|70|64|2|1|10|3|1|101|1|4|1|0|0|2|1|1|0|4|1|1|0|2|9|302|80|70|118|23|2018|7|1|18|56|41|1|N
13|6|947|B|1|0|1|392|47|13|122|Estrato 122|0||78|34|41|3|2|5|3|1|153|0|1|0|0|0|1|1|0|0|6|3|2|0|1|5|288|41|46|169|26|2018|7|1|19|21|55|1|N
13|7|1196|C|1|0|2|611|61|18|123|Estrato 123|0||83|40|49|2|2|12|2|1|244|7|2|0|1|0|3|0|0|0|6|1|0|4|1|4|410|47|55|274|29|2018|7|1|19|5|44|1|N
14|3|118|C|1|0|1|739|8|3|126|Estrato 126|3|Estrato 3|6|170|51|7|8|15|18|4|81|11|2|0|1|0|1|1|0|0|5|1|0|2|0|18|446|198|65|115|50|2018|7|1|19|11|20|1|N
14|3|1653|B|1|0|3|696|50|3|126|Estrato 126|3|Estrato 3|8|155|31|3|6|8|95|1|30|3|0|0|4|0|0|0|0|0|0|0|0|0|0|16|371|257|38|41|19|2018|7|1|19|20|45|1|N
14|3|2309|C|1|0|1|494|92|3|126|Estrato 126|3|Estrato 3|59|74|28|2|4|11|7|4|74|4|3|0|1|1|0|0|0|0|0|0|0|1|0|16|245|88|36|90|15|2018|7|1|19|19|13|1|N
14|3|2327|B|1|0|3|416|92|3|126|Estrato 126|3|Estrato 3|64|74|99|2|5|4|3|3|28|2|0|1|0|0|0|1|0|0|0|0|0|0|0|18|243|80|108|34|3|2018|7|1|19|8|29|1|N
14|3|2858|B|1|0|3|392|117|3|126|Estrato 126|3|Estrato 3|3|65|19|1|36|13|6|0|55|6|1|1|3|0|0|3|0|0|3|1|0|1|1|11|238|77|58|79|12|2018|7|1|19|16|19|1|N
14|3|2863|C|1|0|1|482|118|3|126|Estrato 126|3|Estrato 3|122|83|49|2|3|19|12|2|100|6|1|0|1|0|0|1|0|0|1|0|0|0|0|16|311|99|55|126|15|2018|7|1|19|20|43|1|N
14|3|2876|B|1|0|3|290|118|3|126|Estrato 126|3|Estrato 3|124|64|13|0|1|11|14|0|54|2|0|2|1|0|0|0|0|0|1|0|0|0|0|6|175|81|14|68|6|2018|7|1|19|10|14|1|N
14|4|2927|C|1|0|1|510|120|4|127|Estrato 127|4|Estrato 4|13|125|26|0|1|15|25|0|105|3|2|0|1|0|2|0|0|0|4|0|0|0|1|5|342|153|29|127|27|2018|7|1|19|14|2|1|N
14|5|1987|B|1|0|1|578|69|5|128|Estrato 128|5|Estrato 5|75|58|20|2|1|15|19|1|159|3|1|0|1|0|0|0|0|0|0|1|0|1|0|10|305|81|22|179|13|2018|7|1|19|17|57|1|N
14|7|2676|C|6|0|1|711|102|7|130|Estrato 130|7|Estrato 7|36|44|51|1|6|26|26|3|106|12|1|0|0|0|1|0|0|0|5|5|0|0|1|6|309|72|61|154|15|2018|7|1|19|15|41|1|N
14|11|1382|C|1|0|1|617|41|11|134|Estrato 134|11|Estrato 11|31|52|54|7|7|10|15|4|132|6|0|0|1|0|0|0|0|0|8|1|2|2|1|7|333|75|65|161|24|2018|7|1|19|3|9|1|N
14|11|1404|B|1|0|1|543|41|11|134|Estrato 134|11|Estrato 11|11|58|27|3|4|9|27|0|129|3|0|0|2|0|0|2|0|0|2|1|0|1|0|14|307|90|33|145|25|2018|7|1|19|23|56|1|N
14|11|1417|B|1|0|1|575|41|11|134|Estrato 134|11|Estrato 11|55|60|41|5|2|20|19|3|133|4|2|0|0|0|0|1|0|0|5|1|0|2|2|6|334|86|47|165|28|2018|7|1|19|15|9|1|N
14|14|921|C|2|0|1|558|41|14|137|Estrato 137|14|Estrato 14|108|46|43|1|3|22|42|2|112|12|1|0|3|0|1|0|1|0|5|4|0|0|1|8|324|93|50|155|17|2018|7|1|19|22|50|1|N
14|15|176|C|1|0|2|599|13|15|138|Estrato 138|15|Estrato 15|12|146|25|5|10|9|14|7|39|7|4|1|1|0|0|0|0|0|1|0|0|0|0|10|301|171|42|56|22|2018|7|1|19|22|38|1|N
14|15|258|B|1|0|1|713|18|15|138|Estrato 138|15|Estrato 15|33|27|22|3|5|22|34|14|135|16|1|0|2|0|0|0|0|0|5|1|0|1|1|13|317|67|41|180|15|2018|7|1|19|20|46|1|N
14|19|385|B|1|0|1|511|24|19|142|Estrato 142|19|Estrato 19|40|45|78|12|2|28|9|0|128|7|4|0|1|2|0|1|0|0|4|2|0|2|0|8|352|73|81|171|19|2018|7|1|19|22|24|1|N
14|20|2721|C|12|0|2|722|102|20|143|Estrato 143|20|Estrato 20|62|55|31|2|1|23|31|0|120|9|1|1|4|0|1|0|1|0|6|4|0|1|0|16|322|94|34|163|15|2018|7|1|19|9|50|1|N
15|2|5581|C|1|0|1|568|110|19|145|Estrato 145|0||69|54|44|7|7|28|7|3|169|5|2|1|0|0|1|0|0|0|10|1|0|0|0|5|366|71|55|213|22|2018|7|1|19|12|9|1|N
15|3|2351|B|1|0|2|535|49|13|146|Estrato 146|0||114|30|63|5|2|15|1|1|202|7|2|0|0|0|0|1|0|0|16|1|0|3|0|15|379|38|67|244|15|2018|7|1|19|13|18|1|N
15|8|6176|B|1|0|1|575|110|11|151|Estrato 151|0||85|75|52|6|4|15|7|3|179|14|6|2|1|11|2|2|0|0|14|3|2|1|0|6|424|108|63|228|19|2018|7|1|19|5|50|1|N
15|15|403|C|1|0|1|570|13|29|158|Estrato 158|0||89|189|59|0|2|3|2|0|117|2|4|2|0|0|3|0|0|0|7|1|0|2|5|12|433|197|64|132|23|2018|7|1|19|19|39|1|N
15|20|3113|B|1|0|1|474|60|24|163|Estrato 163|0||4|74|49|9|1|3|1|2|165|3|0|1|0|0|3|0|0|0|3|3|0|0|1|10|342|85|55|177|14|2018|7|1|19|12|48|1|N
15|20|3156|B|1|0|1|488|60|24|163|Estrato 163|0||38|21|51|9|1|20|6|3|155|6|2|4|0|0|1|1|0|0|7|2|0|1|0|5|309|42|57|191|14|2018|7|1|19|13|0|1|N
15|20|3160|C|1|0|1|657|60|24|163|Estrato 163|0||15|44|71|24|6|17|2|2|229|5|13|2|0|0|0|0|0|0|12|3|0|5|0|6|469|85|79|271|28|2018|7|1|18|56|16|1|N
15|20|3242|C|1|0|1|540|60|24|163|Estrato 163|0||76|40|46|30|3|17|1|1|162|5|2|0|0|0|0|0|0|0|6|3|0|2|0|9|349|73|50|195|22|2018|7|1|19|12|32|1|N
15|20|3428|B|1|0|1|382|60|24|163|Estrato 163|0||114|43|40|15|0|7|2|3|136|5|6|1|0|0|2|1|0|0|3|0|0|1|0|3|282|67|46|152|14|2018|7|1|19|21|48|1|N
15|22|2595|C|1|0|1|744|58|29|165|Estrato 165|0||26|168|89|2|2|11|2|4|182|10|4|0|0|0|2|1|0|0|13|2|0|0|3|9|528|176|98|218|24|2018|7|1|19|10|29|1|N
15|24|2617|C|1|0|1|418|58|30|167|Estrato 167|0||75|52|34|7|5|6|0|1|141|5|2|1|1|0|0|0|1|0|7|3|0|0|0|8|289|63|41|162|15|2018|7|1|19|6|35|1|N
15|28|5881|C|13|0|2|738|121|20|171|Estrato 171|0||84|38|54|5|1|9|2|5|188|5|1|0|0|0|0|1|0|1|11|9|0|2|0|10|360|46|62|224|18|2018|7|1|19|18|25|1|N
15|31|3069|C|1|0|1|611|60|41|174|Estrato 174|0||9|38|73|25|4|12|2|3|214|4|3|2|0|0|0|1|1|0|5|2|0|2|2|14|408|70|82|239|1|2018|7|1|19|23|43|1|N
15|33|1060|C|2|0|1|683|26|1|176|Estrato 176|0||34|42|79|22|4|14|14|0|158|17|4|1|2|0|0|2|0|0|6|7|0|2|0|9|393|85|85|204|10|2018|7|1|18|54|22|1|N
15|36|5930|B|1|0|3|135|123|9|179|Estrato 179|0||137|1|44|23|0|1|0|0|25|1|0|1|0|1|0|0|0|0|0|0|0|2|0|4|103|26|44|29|0|2018|7|1|19|13|6|1|N
15|41|6279|B|1|0|1|406|82|33|184|Estrato 184|0||93|27|61|0|0|13|1|0|150|2|2|0|0|0|0|0|0|0|7|0|0|0|0|5|281|30|61|172|13|2018|7|1|18|53|45|1|N
16|1|177|E|1|0|3|114|10|22|185|Estrato 185|0||74|6|11|6|5|1|1|8|31|0|0|0|0|0|0|0|0|0|0|0|0|0|0|3|72|13|24|32|0|2018|7|1|18|56|31|1|N
16|2|763|C|1|0|1|405|46|2|186|Estrato 186|0||61|14|33|18|24|34|2|1|102|7|3|0|0|0|7|1|0|0|0|9|0|0|0|9|274|37|66|152|10|2018|7|1|19|7|36|1|N
16|2|770|B|1|0|3|515|46|2|186|Estrato 186|0||60|24|56|65|55|24|2|2|43|3|2|0|0|1|1|2|0|0|6|1|0|3|0|31|326|94|116|80|5|2018|7|1|19|9|19|1|N
16|2|1636|C|1|0|3|554|72|2|186|Estrato 186|0||94|19|73|19|3|22|5|0|15|0|0|3|0|0|1|0|0|0|0|2|0|0|1|8|178|46|77|39|7|2018|7|1|19|22|12|1|N
16|4|1750|B|1|0|1|577|77|4|188|Estrato 188|0||105|129|23|6|0|15|2|1|152|4|3|0|0|0|0|0|0|0|6|0|0|0|0|11|384|140|24|177|32|2018|7|1|19|21|13|1|N
16|5|1581|B|1|0|3|276|70|1|189|Estrato 189|0||17|57|30|8|0|9|3|4|43|2|1|0|0|0|0|0|0|0|0|0|0|0|0|4|161|69|34|54|0|2018|7|1|18|53|43|1|N
16|6|494|C|2|0|1|628|34|12|190|Estrato 190|0||31|55|32|9|7|36|6|1|136|0|5|0|0|0|2|0|1|0|6|3|0|0|3|10|369|75|43|181|57|2018|7|1|18|58|40|1|N
16|6|513|C|1|0|3|717|34|12|190|Estrato 190|0||25|82|78|19|14|30|1|4|97|3|3|2|0|0|0|0|0|0|1|9|0|1|0|15|393|107|96|141|34|2018|7|1|19|9|18|1|N
16|6|1647|B|1|0|2|578|73|12|190|Estrato 190|0||97|60|44|18|8|40|0|6|125|11|0|1|0|0|0|3|0|0|5|11|1|4|0|21|390|79|61|197|32|2018|7|1|18|54|3|1|N
16|6|2549|C|1|0|3|506|111|12|190|Estrato 190|0||127|33|50|31|8|26|7|5|115|4|2|1|1|1|1|1|1|1|4|2|1|2|0|20|325|76|67|154|8|2018|7|1|19|11|2|1|N
16|7|2419|C|1|0|1|612|108|7|191|Estrato 191|0||122|18|31|22|38|32|12|2|198|7|0|0|0|1|0|1|1|0|4|2|1|0|1|14|405|53|73|244|20|2018|7|1|19|17|15|1|N
16|8|1052|B|1|0|1|620|54|16|192|Estrato 192|0||82|84|55|7|2|14|3|1|144|7|1|1|0|0|1|0|0|0|7|1|2|1|1|6|376|96|59|176|38|2018|7|1|19|21|48|1|N
16|10|1236|C|1|0|1|700|54|17|194|Estrato 194|0||102|47|34|9|5|32|3|2|95|11|2|1|2|0|2|1|0|0|14|7|0|1|0|11|313|64|44|160|34|2018|7|1|18|41|55|1|N
16|11|1876|C|2|0|2|645|83|19|195|Estrato 195|0||111|14|45|52|3|23|0|1|195|7|2|1|0|0|0|0|0|0|5|2|0|1|0|13|368|69|49|233|4|2018|7|1|19|6|24|1|N
18|3|90|E|1|11|2|709|4|18|211|Estrato 211|0||51|64|20|4|2|10|8|1|223|11|3|0|1|0|0|1|0|0|6|1|0|1|1|4|380|80|24|252|19|2018|7|1|19|22|15|1|N
19|2|2423|B|1|0|1|577|6|16|213|Estrato 213|0||56|63|37|1|2|28|1|1|91|3|0|0|0|0|0|3|0|0|4|0|0|0|0|3|298|65|43|126|61|2018|7|1|19|0|15|1|N
19|2|2423|C|1|0|1|576|6|16|213|Estrato 213|0||56|48|31|0|2|25|1|1|105|3|0|1|0|0|0|0|0|0|2|3|0|0|1|4|290|50|34|138|63|2018|7|1|19|1|29|1|N
19|2|2438|B|1|0|2|288|6|5|213|Estrato 213|0||105|68|33|0|0|4|1|1|15|0|3|0|1|0|0|2|0|0|0|0|0|0|1|3|154|73|36|19|22|2018|7|1|19|15|36|1|N
19|3|2533|B|1|0|1|474|21|25|214|Estrato 214|0||104|155|26|2|0|15|4|1|80|0|1|2|0|0|1|0|0|0|3|2|0|0|0|6|372|164|28|100|74|2018|7|1|19|19|34|1|N
19|4|1971|C|1|0|1|525|47|9|215|Estrato 215|0||115|98|19|1|0|12|3|2|85|3|1|0|1|0|0|0|0|0|3|6|0|0|0|8|296|104|21|109|54|2018|7|1|19|22|47|1|N
19|7|220|C|4|0|2|630|10|20|218|Estrato 218|0||18|60|42|0|0|178|0|0|0|0|0|0|0|0|0|0|0|0|0|0|0|0|0|0|335|60|42|178|55|2018|7|1|18|47|53|1|N
19|7|220|E|1|2|2|638|10|20|218|Estrato 218|0||19|18|16|0|6|25|0|1|83|0|1|2|0|0|0|2|0|0|0|15|0|0|0|5|200|21|25|123|26|2018|7|1|19|15|46|1|N
19|7|235|E|3|0|2|676|12|21|218|Estrato 218|0||32|42|27|2|6|33|2|2|136|11|0|0|2|0|0|0|0|0|4|2|0|1|0|17|337|48|35|187|50|2018|7|1|19|9|39|1|N
19|7|2305|C|2|0|2|636|18|20|218|Estrato 218|0||57|20|16|0|0|13|1|1|65|4|0|0|0|0|0|0|0|0|4|1|0|1|0|2|192|21|17|88|64|2018|7|1|19|20|34|1|N
19|12|2392|C|3|0|1|669|32|22|223|Estrato 223|0||91|40|28|2|2|17|3|0|82|4|0|2|0|0|0|2|0|1|1|1|0|1|3|3|218|47|33|106|26|2018|7|1|18|41|33|1|N
20|1|2025|C|1|0|2|708|469|3|224|Estrato 224|0||108|15|67|13|7|42|3|3|149|110|0|1|0|0|0|1|0|0|16|0|3|4|0|16|454|32|78|324|4|2018|7|1|19|8|45|1|N
20|3|1596|B|1|0|3|206|335|6|226|Estrato 226|0||48|16|24|2|1|2|0|0|70|11|0|0|0|0|0|0|0|0|5|0|0|2|0|2|138|18|25|90|3|2018|7|1|19|18|1|1|N
20|3|1985|B|1|0|3|219|459|6|226|Estrato 226|0||47|0|33|2|0|18|0|7|105|0|0|0|0|0|0|0|0|0|2|1|0|0|0|3|171|2|40|126|0|2018|7|1|19|6|0|1|N
20|4|280|B|1|0|3|346|42|9|227|Estrato 227|0||98|7|9|51|2|12|3|3|127|5|0|1|0|0|0|0|0|0|4|0|0|3|0|7|237|62|14|151|3|2018|7|1|19|7|16|1|N
20|10|1285|B|1|0|2|440|241|16|233|Estrato 233|0||118|33|60|6|1|18|2|1|144|5|0|3|0|0|1|2|0|0|5|2|0|1|0|14|313|44|65|175|15|2018|7|1|19|2|44|1|N
21|11|2570|B|1|0|1|521|115|20|253|Estrato 253|20|Estrato 20|49|34|39|6|1|22|4|1|173|3|0|0|0|0|1|2|1|0|13|5|0|2|1|11|332|44|45|218|13|2018|7|1|19|22|59|1|N
22|1|259|C|1|0|3|506|13|15|260|Estrato 260|0||32|90|74|5|4|13|10|3|49|4|0|0|0|0|0|0|0|0|3|0|0|0|3|19|285|105|81|69|8|2018|7|1|19|7|16|1|N
22|2|606|B|1|0|1|543|16|8|261|Estrato 261|0||47|80|32|5|3|17|1|2|151|8|2|3|0|0|1|2|0|0|7|3|0|0|0|5|346|91|40|186|24|2018|7|1|19|17|17|1|N
22|2|627|C|12|0|2|693|16|9|261|Estrato 261|0||71|65|36|4|1|17|2|3|155|4|2|0|1|0|0|2|0|0|15|0|0|1|0|18|352|74|42|192|26|2018|7|1|19|8|20|1|N
22|3|307|B|1|0|1|504|14|2|262|Estrato 262|0||22|66|22|0|1|18|1|2|130|7|5|1|0|0|1|2|0|0|6|3|0|2|0|3|302|73|28|166|32|2018|7|1|19|6|19|1|N
22|3|343|C|1|0|1|666|14|2|262|Estrato 262|0||15|142|40|0|0|13|6|1|170|7|4|1|0|0|2|0|0|0|14|4|0|0|0|5|463|153|43|208|54|2018|7|1|19|0|57|1|N
22|3|544|B|1|0|3|725|14|13|262|Estrato 262|0||106|75|119|11|4|17|3|2|152|9|1|0|0|0|0|4|0|0|7|1|0|0|4|9|456|90|129|186|38|2018|7|1|19|18|0|1|N
22|3|549|B|1|0|2|697|14|13|262|Estrato 262|0||59|72|69|3|5|12|3|0|120|5|1|1|0|0|0|0|1|0|3|0|0|3|0|11|340|80|75|143|31|2018|7|1|19|8|48|1|N
22|3|751|C|1|0|1|589|14|3|262|Estrato 262|0||92|93|38|3|0|13|2|0|166|5|2|0|1|0|0|1|0|0|9|2|0|1|1|12|389|101|39|196|40|2018|7|1|18|56|10|1|N
22|3|832|B|1|0|1|642|14|3|262|Estrato 262|0||62|95|27|2|4|18|1|0|143|2|0|0|0|0|1|1|1|0|9|3|1|1|0|9|357|98|34|177|39|2018|7|1|18|58|52|1|N
23|1|750|B|1|0|1|550|8|9|265|Estrato 265|0||117|29|14|1|1|19|1|1|168|5|3|1|0|0|0|0|0|0|11|0|0|0|0|3|272|35|16|203|15|2018|7|1|19|18|42|1|N
23|2|800|C|1|0|1|408|7|15|266|Estrato 266|0||46|27|9|2|1|19|1|1|160|2|1|0|1|0|0|1|1|0|0|3|1|0|0|5|251|32|13|185|16|2018|7|1|19|4|17|1|N
23|3|561|B|1|0|1|397|1|5|267|Estrato 267|0||70|20|4|1|3|11|2|1|165|0|0|0|0|0|0|0|0|0|8|0|0|1|0|8|235|23|8|185|11|2018|7|1|19|11|50|1|N
24|1|389|B|1|0|1|476|15|1|269|Estrato 269|0||35|59|49|11|18|21|0|4|98|5|1|0|0|0|2|0|1|0|3|0|0|0|0|14|304|71|74|127|18|2018|7|1|19|16|33|1|N
24|3|226|C|2|0|1|575|11|10|271|Estrato 271|0||48|33|35|5|3|24|2|1|168|6|0|2|0|0|1|0|0|1|7|1|1|1|0|9|337|42|41|208|37|2018|7|1|19|22|43|1|N
24|3|439|E|1|0|2|101|17|11|271|Estrato 271|0||23|5|22|2|17|4|0|0|8|2|1|0|0|0|0|1|0|0|2|0|0|0|0|1|66|8|40|16|1|2018|7|1|19|10|58|1|N
24|3|648|B|1|0|1|479|24|10|271|Estrato 271|0||88|57|23|3|3|20|2|0|125|1|1|2|1|0|0|2|1|0|2|2|0|3|0|3|295|66|29|153|44|2018|7|1|19|15|46|1|N
24|3|691|B|1|0|3|275|24|10|271|Estrato 271|0||106|32|39|2|4|4|2|2|27|1|1|0|2|0|0|1|2|0|3|1|0|0|0|6|134|39|48|36|5|2018|7|1|19|8|54|1|N
24|4|329|B|1|0|3|330|13|12|272|Estrato 272|0||36|38|29|2|6|25|9|4|88|11|1|4|0|0|0|0|0|0|1|2|0|3|0|5|243|54|39|130|15|2018|7|1|19|19|50|1|N
24|4|1466|B|1|0|3|215|40|13|272|Estrato 272|0||92|20|15|6|0|11|1|3|46|2|0|0|0|1|0|0|0|0|2|0|1|1|0|5|123|28|18|63|9|2018|7|1|19|21|42|1|N
24|6|960|B|1|0|1|469|28|8|274|Estrato 274|0||80|73|16|21|3|21|1|1|118|0|0|2|1|0|0|0|0|0|12|1|0|1|0|4|313|98|20|153|38|2018|7|1|19|17|5|1|N
24|6|974|C|4|0|1|648|28|8|274|Estrato 274|0||78|75|34|14|4|21|2|4|153|4|1|2|0|0|0|0|0|0|3|4|1|3|1|7|385|94|42|189|52|2018|7|1|19|16|40|1|N
25|3|598|B|1|0|3|187|3|10|278|Estrato 278|0||38|2|35|9|1|11|2|0|28|5|0|0|1|1|0|3|0|0|0|0|0|0|0|1|100|15|39|44|1|2018|7|1|19|7|31|1|N
28|1|785|B|1|0|1|168|27|2|300|Estrato 300|0||34|18|8|2|0|1|0|0|31|0|0|0|0|0|0|0|0|0|0|1|0|0|0|0|73|20|8|33|12|2018|7|1|19|14|12|1|N
28|2|1018|C|16|0|2|738|32|4|301|Estrato 301|0||83|48|16|1|3|11|0|1|239|4|3|0|0|0|0|0|0|0|11|2|1|2|0|3|377|52|20|270|32|2018|7|1|19|23|0|1|N
28|3|261|B|1|0|3|178|10|13|302|Estrato 302|0||133|37|50|1|0|0|0|0|48|0|0|0|0|0|0|0|0|0|0|0|0|0|0|1|143|38|50|48|6|2018|7|1|19|23|50|1|N
28|3|687|B|1|0|2|629|22|9|302|Estrato 302|0||45|96|110|2|4|13|2|2|108|6|1|0|2|0|0|0|0|0|8|0|1|2|0|11|378|103|116|138|10|2018|7|1|19|5|40|1|N
28|3|1547|B|1|0|3|233|40|9|302|Estrato 302|0||86|38|17|4|0|7|2|1|50|7|0|0|1|0|0|1|0|0|2|0|0|1|0|5|142|45|19|67|6|2018|7|1|18|54|53|1|N
28|5|348|B|1|0|2|417|16|13|304|Estrato 304|0||11|77|11|4|0|92|1|0|77|3|1|0|1|0|1|0|0|0|5|6|0|0|0|22|308|84|12|183|7|2018|7|1|19|19|55|1|N
28|5|1568|B|1|0|1|632|41|14|304|Estrato 304|0||49|117|73|2|0|17|1|1|140|10|3|1|1|0|0|0|1|0|9|2|0|0|1|11|439|125|75|178|49|2018|7|1|19|1|11|1|N
28|6|266|E|2|0|2|279|11|16|305|Estrato 305|0||31|112|21|2|0|10|3|1|40|2|1|0|0|0|0|0|0|0|3|1|0|2|0|2|203|118|22|58|3|2018|7|1|18|55|34|1|N
28|7|89|C|3|0|1|650|3|19|306|Estrato 306|0||58|112|21|4|1|15|3|2|175|9|2|0|0|0|0|0|0|0|6|0|1|1|0|6|396|121|24|207|38|2018|7|1|19|22|19|2|N
28|7|2021|B|1|0|1|594|3|18|306|Estrato 306|0||41|68|22|0|2|17|2|2|193|10|3|0|1|0|0|0|0|0|16|4|0|2|0|0|365|74|26|242|23|2018|7|1|19|16|34|2|N
28|8|251|B|1|0|1|410|9|20|307|Estrato 307|0||84|53|35|1|3|14|1|1|151|2|1|0|0|0|0|1|0|0|1|1|0|1|2|2|296|56|40|170|26|2018|7|1|19|13|0|2|N
28|8|1420|C|1|0|1|528|38|22|307|Estrato 307|0||92|149|36|0|1|25|2|2|118|1|7|1|0|0|0|0|1|0|8|0|0|1|0|1|375|159|40|153|22|2018|7|1|19|17|32|2|N
28|8|1477|B|1|0|1|508|38|22|307|Estrato 307|0||119|74|37|3|5|24|0|1|137|3|2|0|0|0|1|1|0|0|10|0|0|1|0|8|328|79|45|175|21|2018|7|1|19|20|6|2|N
30|5|3194|B|1|0|1|390|132|5|317|Estrato 317|6|Estrato 6|59|18|19|3|1|6|0|2|180|4|0|0|0|0|0|1|0|0|8|4|0|8|0|5|275|21|23|210|16|2018|7|1|19|21|44|1|N
30|7|2547|E|2|0|2|204|110|8|320|Estrato 320|9|Estrato 9|88|75|10|2|5|3|2|0|45|4|1|0|0|0|0|1|0|0|1|0|0|0|0|1|152|80|16|53|2|2018|7|1|19|21|26|1|N
30|10|1961|C|1|0|1|563|89|10|325|Estrato 325|14|Estrato 14|45|76|16|2|1|5|1|0|236|1|3|0|0|0|0|0|0|0|1|2|0|1|2|5|369|82|17|246|17|2018|7|1|18|59|39|1|N
30|13|3886|B|1|0|1|666|173|23|328|Estrato 328|17|Estrato 17|106|55|35|3|2|7|2|4|208|6|0|1|0|0|6|3|0|0|2|2|0|2|0|10|354|61|50|227|6|2018|7|1|19|10|19|1|N
31|2|26|C|1|0|1|497|5|15|343|Estrato 343|4|Estrato 4|32|143|214|1|0|8|0|0|59|3|0|0|0|0|1|0|0|0|0|0|0|0|0|1|439|144|215|70|9|2018|7|1|19|23|13|1|N
32|1|286|B|1|0|3|122|10|7|347|Estrato 347|0||143|7|7|2|1|7|0|1|45|0|1|0|0|0|0|0|0|0|1|1|0|0|0|6|79|10|9|54|0|2018|7|1|18|59|0|1|N
32|1|383|B|1|0|3|148|13|6|347|Estrato 347|0||28|30|27|1|0|4|1|2|18|1|3|0|1|1|0|0|0|0|0|0|0|1|0|5|104|37|29|24|9|2018|7|1|18|38|17|1|N
32|1|1323|C|1|0|1|392|42|17|347|Estrato 347|0||60|39|50|13|6|14|2|4|70|4|1|1|0|0|1|0|0|0|2|1|1|0|0|11|228|56|61|92|8|2018|7|1|19|5|26|1|N
32|2|565|B|1|0|3|132|18|13|348|Estrato 348|0||97|24|18|1|2|11|1|1|22|2|1|1|0|0|0|0|0|0|0|0|0|1|0|5|90|28|21|36|0|2018|7|1|19|2|21|1|N
32|2|647|C|1|0|2|450|20|10|348|Estrato 348|0||28|55|38|2|11|16|4|1|103|3|3|1|0|0|0|0|0|0|3|1|0|0|0|5|270|65|50|126|24|2018|7|1|19|6|56|1|N
32|2|654|B|1|0|1|500|20|10|348|Estrato 348|0||25|54|55|5|17|12|1|5|94|1|0|0|1|0|0|1|0|0|1|2|0|1|2|8|274|61|78|111|14|2018|7|1|19|20|6|1|N
32|3|413|B|1|0|3|440|14|18|349|Estrato 349|0||37|20|171|1|0|14|1|2|91|0|0|0|0|0|2|1|0|0|3|2|0|1|0|5|320|22|176|111|6|2018|7|1|19|4|50|1|N
32|3|427|B|1|0|3|152|14|18|349|Estrato 349|0||34|7|45|0|0|9|1|0|42|2|1|0|0|0|0|0|0|0|2|1|0|0|0|0|110|9|45|56|0|2018|7|1|19|17|20|1|N
32|3|737|B|1|0|1|626|22|18|349|Estrato 349|0||46|118|61|2|5|59|4|2|57|3|1|0|0|0|0|0|0|0|4|6|0|0|0|9|339|125|68|129|8|2018|7|1|19|0|10|1|N
32|3|834|B|1|0|3|295|26|12|349|Estrato 349|0||21|20|55|4|2|5|1|68|37|0|0|0|0|0|0|0|1|0|0|1|0|0|0|3|199|25|126|43|2|2018|7|1|19|8|22|1|N
32|3|835|B|1|0|3|205|26|12|349|Estrato 349|0||22|13|47|0|2|3|4|62|30|2|0|0|0|0|1|0|0|1|0|0|0|0|0|8|173|17|113|35|0|2018|7|1|19|21|4|1|N
32|3|871|B|1|0|3|356|27|12|349|Estrato 349|0||11|21|17|3|1|4|1|97|173|9|0|0|0|0|0|0|2|0|0|0|0|0|0|1|330|25|117|186|1|2018|7|1|18|57|50|1|N
32|3|1221|B|1|0|1|390|39|16|349|Estrato 349|0||70|21|22|11|7|21|3|2|28|8|0|0|1|0|0|2|0|0|1|0|0|0|1|14|146|36|33|58|4|2018|7|1|19|17|56|1|N
